              precision    recall  f1-score   support

   n01440764       0.89      0.88      0.88       387
   n02102040       0.89      0.91      0.90       395
   n02979186       0.78      0.81      0.79       357
   n03000684       0.69      0.66      0.67       386
   n03028079       0.88      0.86      0.87       409
   n03394916       0.77      0.81      0.79       394
   n03417042       0.80      0.87      0.84       389
   n03425413       0.81      0.74      0.78       419
   n03445777       0.85      0.82      0.83       399
   n03888257       0.85      0.84      0.84       390

    accuracy                           0.82      3925
   macro avg       0.82      0.82      0.82      3925
weighted avg       0.82      0.82      0.82      3925
