              precision    recall  f1-score   support

   n01440764      0.000     0.000     0.000         3
   n01443537      0.500     0.333     0.400         3
   n01484850      0.400     0.400     0.400         5
   n01491361      0.333     0.667     0.444         3
   n01494475      0.000     0.000     0.000         5
   n01496331      0.000     0.000     0.000         3
   n01498041      0.250     0.333     0.286         3
   n01514668      0.000     0.000     0.000         3
   n01514859      0.000     0.000     0.000         3
   n01518878      0.250     0.333     0.286         3
   n01530575      0.400     0.500     0.444         4
   n01531178      0.500     0.250     0.333         4
   n01532829      0.000     0.000     0.000         3
   n01534433      0.400     0.500     0.444         4
   n01537544      1.000     0.250     0.400         4
   n01558993      0.000     0.000     0.000         3
   n01560419      0.167     0.333     0.222         3
   n01580077      0.200     0.333     0.250         3
   n01582220      0.500     0.500     0.500         2
   n01592084      0.000     0.000     0.000         4
   n01601694      0.500     0.333     0.400         3
   n01608432      0.500     0.500     0.500         4
   n01614925      0.333     0.333     0.333         3
   n01616318      0.000     0.000     0.000         3
   n01622779      0.500     0.500     0.500         4
   n01629819      0.667     0.667     0.667         3
   n01630670      0.000     0.000     0.000         4
   n01631663      1.000     0.250     0.400         4
   n01632458      0.250     0.250     0.250         4
   n01632777      0.500     0.500     0.500         2
   n01641577      0.000     0.000     0.000         3
   n01644373      0.667     0.500     0.571         4
   n01644900      0.167     0.200     0.182         5
   n01664065      0.000     0.000     0.000         3
   n01665541      0.000     0.000     0.000         3
   n01667114      0.200     0.250     0.222         4
   n01667778      0.000     0.000     0.000         4
   n01669191      0.200     0.500     0.286         2
   n01675722      0.333     0.250     0.286         4
   n01677366      0.500     0.333     0.400         3
   n01682714      0.111     0.250     0.154         4
   n01685808      0.000     0.000     0.000         3
   n01687978      0.500     0.500     0.500         4
   n01688243      0.000     0.000     0.000         3
   n01689811      0.000     0.000     0.000         3
   n01692333      0.000     0.000     0.000         3
   n01693334      0.000     0.000     0.000         2
   n01694178      0.200     0.250     0.222         4
   n01695060      0.333     0.333     0.333         3
   n01697457      0.000     0.000     0.000         3
   n01698640      0.000     0.000     0.000         3
   n01704323      0.000     0.000     0.000         4
   n01728572      0.000     0.000     0.000         4
   n01728920      0.500     0.500     0.500         4
   n01729322      0.000     0.000     0.000         4
   n01729977      0.000     0.000     0.000         3
   n01734418      0.000     0.000     0.000         3
   n01735189      0.250     0.500     0.333         2
   n01737021      0.000     0.000     0.000         3
   n01739381      0.000     0.000     0.000         3
   n01740131      0.000     0.000     0.000         4
   n01742172      0.000     0.000     0.000         4
   n01744401      0.000     0.000     0.000         4
   n01748264      0.250     0.200     0.222         5
   n01749939      0.500     0.250     0.333         4
   n01751748      0.000     0.000     0.000         3
   n01753488      0.250     0.333     0.286         3
   n01755581      0.000     0.000     0.000         3
   n01756291      0.000     0.000     0.000         3
   n01768244      0.000     0.000     0.000         4
   n01770081      0.250     0.250     0.250         4
   n01770393      0.000     0.000     0.000         1
   n01773157      0.429     0.600     0.500         5
   n01773549      0.167     1.000     0.286         1
   n01773797      0.000     0.000     0.000         4
   n01774384      0.000     0.000     0.000         3
   n01774750      0.000     0.000     0.000         3
   n01775062      0.000     0.000     0.000         3
   n01776313      0.333     0.091     0.143        11
   n01784675      0.200     0.250     0.222         4
   n01795545      0.000     0.000     0.000         3
   n01796340      0.500     0.500     0.500         4
   n01797886      0.000     0.000     0.000         2
   n01798484      0.500     0.333     0.400         3
   n01806143      0.000     0.000     0.000         3
   n01806567      0.500     0.667     0.571         3
   n01807496      0.250     0.333     0.286         3
   n01817953      0.500     0.667     0.571         3
   n01818515      0.200     0.333     0.250         3
   n01819313      0.333     0.250     0.286         4
   n01820546      0.429     0.750     0.545         4
   n01824575      0.000     0.000     0.000         3
   n01828970      0.500     0.500     0.500         4
   n01829413      0.000     0.000     0.000         3
   n01833805      1.000     0.250     0.400         4
   n01843065      0.500     0.750     0.600         4
   n01843383      0.500     0.333     0.400         3
   n01847000      0.000     0.000     0.000         3
   n01855032      0.375     0.750     0.500         4
   n01855672      0.000     0.000     0.000         3
   n01860187      0.429     0.750     0.545         4
   n01871265      0.000     0.000     0.000         3
   n01872401      0.400     1.000     0.571         2
   n01873310      0.000     0.000     0.000         4
   n01877812      0.100     0.333     0.154         3
   n01882714      0.750     1.000     0.857         3
   n01883070      0.250     0.333     0.286         3
   n01910747      0.286     0.400     0.333         5
   n01914609      0.000     0.000     0.000         3
   n01917289      0.000     0.000     0.000         3
   n01924916      0.000     0.000     0.000         2
   n01930112      1.000     0.429     0.600         7
   n01943899      0.000     0.000     0.000         4
   n01944390      0.000     0.000     0.000         3
   n01945685      0.333     0.200     0.250         5
   n01950731      0.500     0.500     0.500         2
   n01955084      0.000     0.000     0.000         3
   n01968897      0.000     0.000     0.000         3
   n01978287      0.333     0.250     0.286         4
   n01978455      0.000     0.000     0.000         4
   n01980166      0.200     0.333     0.250         3
   n01981276      0.200     0.250     0.222         4
   n01983481      0.000     0.000     0.000         1
   n01984695      0.000     0.000     0.000         2
   n01985128      0.333     0.333     0.333         3
   n01986214      0.000     0.000     0.000         2
   n01990800      0.000     0.000     0.000         3
   n02002556      0.222     0.500     0.308         4
   n02002724      0.000     0.000     0.000         5
   n02006656      0.500     0.250     0.333         4
   n02007558      0.667     0.667     0.667         3
   n02009229      0.333     0.500     0.400         4
   n02009912      0.000     0.000     0.000         3
   n02011460      0.000     0.000     0.000         3
   n02012849      0.000     0.000     0.000         3
   n02013706      0.200     0.333     0.250         3
   n02017213      1.000     0.667     0.800         3
   n02018207      1.000     0.333     0.500         3
   n02018795      0.333     0.333     0.333         3
   n02025239      0.286     0.667     0.400         3
   n02027492      0.000     0.000     0.000         3
   n02028035      0.500     1.000     0.667         3
   n02033041      0.667     0.500     0.571         4
   n02037110      0.250     0.333     0.286         3
   n02051845      0.000     0.000     0.000         4
   n02056570      0.500     0.333     0.400         3
   n02058221      0.286     0.667     0.400         3
   n02066245      0.250     0.500     0.333         4
   n02071294      0.286     0.667     0.400         3
   n02074367      0.500     0.500     0.500         4
   n02077923      1.000     0.333     0.500         3
   n02085620      0.000     0.000     0.000         5
   n02085782      0.333     0.200     0.250         5
   n02085936      0.286     0.500     0.364         4
   n02086079      0.500     0.250     0.333         4
   n02086240      0.167     0.250     0.200         4
   n02086646      0.000     0.000     0.000         3
   n02086910      0.750     1.000     0.857         3
   n02087046      0.400     0.400     0.400         5
   n02087394      0.000     0.000     0.000         3
   n02088094      0.250     0.250     0.250         4
   n02088238      0.125     0.333     0.182         3
   n02088364      0.333     0.250     0.286         4
   n02088466      0.333     0.400     0.364         5
   n02088632      0.250     0.333     0.286         3
   n02089078      0.667     0.500     0.571         4
   n02089867      0.000     0.000     0.000         3
   n02089973      0.000     0.000     0.000         6
   n02090379      0.222     0.500     0.308         4
   n02090622      0.000     0.000     0.000         3
   n02090721      0.167     0.200     0.182         5
   n02091032      0.333     0.250     0.286         4
   n02091134      1.000     0.667     0.800         3
   n02091244      0.250     0.500     0.333         4
   n02091467      0.000     0.000     0.000         3
   n02091635      0.000     0.000     0.000         3
   n02091831      0.000     0.000     0.000         5
   n02092002      0.100     0.333     0.154         3
   n02092339      0.000     0.000     0.000         3
   n02093256      0.250     0.333     0.286         3
   n02093428      0.000     0.000     0.000         3
   n02093647      0.500     0.250     0.333         4
   n02093754      0.500     0.333     0.400         3
   n02093859      0.000     0.000     0.000         5
   n02093991      0.000     0.000     0.000         4
   n02094114      0.000     0.000     0.000         3
   n02094258      0.000     0.000     0.000         3
   n02094433      0.333     0.333     0.333         3
   n02095314      0.250     0.333     0.286         3
   n02095570      0.000     0.000     0.000         3
   n02095889      0.500     1.000     0.667         2
   n02096051      1.000     0.667     0.800         3
   n02096177      0.000     0.000     0.000         2
   n02096294      0.333     0.333     0.333         3
   n02096437      0.214     0.429     0.286         7
   n02096585      0.333     0.750     0.462         4
   n02097047      0.200     0.143     0.167         7
   n02097130      0.000     0.000     0.000         3
   n02097209      0.250     0.250     0.250         4
   n02097298      0.000     0.000     0.000         3
   n02097474      0.000     0.000     0.000         3
   n02097658      0.333     0.500     0.400         4
   n02098105      0.000     0.000     0.000         2
   n02098286      0.000     0.000     0.000         4
   n02098413      0.333     0.200     0.250         5
   n02099267      0.286     0.667     0.400         3
   n02099429      0.200     0.250     0.222         4
   n02099601      0.000     0.000     0.000         4
   n02099712      0.250     0.333     0.286         3
   n02099849      0.000     0.000     0.000         4
   n02100236      0.200     0.500     0.286         2
   n02100583      0.000     0.000     0.000         3
   n02100735      0.250     0.250     0.250         4
   n02100877      0.333     0.667     0.444         3
   n02101006      0.333     0.333     0.333         3
   n02101388      0.000     0.000     0.000         2
   n02101556      0.250     0.500     0.333         4
   n02102040      0.000     0.000     0.000         4
   n02102177      0.333     0.333     0.333         3
   n02102318      0.333     0.250     0.286         4
   n02102480      0.200     0.250     0.222         4
   n02102973      0.333     0.200     0.250         5
   n02104029      0.500     0.250     0.333         4
   n02104365      0.000     0.000     0.000         4
   n02105056      0.000     0.000     0.000         4
   n02105162      0.500     0.250     0.333         4
   n02105251      0.000     0.000     0.000         4
   n02105412      0.200     0.250     0.222         4
   n02105505      0.500     0.500     0.500         4
   n02105641      0.286     0.333     0.308         6
   n02105855      0.200     0.250     0.222         4
   n02106030      0.400     0.667     0.500         3
   n02106166      0.000     0.000     0.000         3
   n02106382      0.000     0.000     0.000         4
   n02106550      0.200     0.333     0.250         3
   n02106662      0.000     0.000     0.000         3
   n02107142      0.000     0.000     0.000         3
   n02107312      0.200     0.250     0.222         4
   n02107574      0.167     0.250     0.200         4
   n02107683      0.000     0.000     0.000         3
   n02107908      0.500     0.333     0.400         3
   n02108000      0.667     0.500     0.571         8
   n02108089      0.000     0.000     0.000         4
   n02108422      0.333     0.667     0.444         3
   n02108551      0.000     0.000     0.000         3
   n02108915      0.000     0.000     0.000         4
   n02109047      0.000     0.000     0.000         3
   n02109525      0.667     0.500     0.571         4
   n02109961      0.500     0.250     0.333         4
   n02110063      0.167     0.333     0.222         3
   n02110185      0.250     0.750     0.375         4
   n02110341      0.667     0.667     0.667         3
   n02110627      0.400     0.400     0.400         5
   n02110806      0.000     0.000     0.000         3
   n02110958      0.200     0.333     0.250         3
   n02111129      0.500     1.000     0.667         3
   n02111277      0.000     0.000     0.000         3
   n02111500      0.000     0.000     0.000         5
   n02111889      0.167     0.250     0.200         4
   n02112018      0.500     0.333     0.400         3
   n02112137      0.000     0.000     0.000         3
   n02112350      0.000     0.000     0.000         3
   n02112706      0.250     0.250     0.250         4
   n02113023      0.000     0.000     0.000         4
   n02113186      0.143     0.333     0.200         3
   n02113624      0.000     0.000     0.000         4
   n02113712      0.250     0.250     0.250         4
   n02113799      0.000     0.000     0.000         2
   n02113978      0.143     0.333     0.200         3
   n02114367      0.000     0.000     0.000         8
   n02114548      0.500     0.750     0.600         4
   n02114712      0.400     0.500     0.444         4
   n02114855      0.143     0.111     0.125         9
   n02115641      0.000     0.000     0.000         4
   n02115913      0.333     0.333     0.333         3
   n02116738      0.250     0.333     0.286         3
   n02117135      0.571     0.667     0.615         6
   n02119022      0.000     0.000     0.000         8
   n02119789      0.000     0.000     0.000         2
   n02120079      0.000     0.000     0.000         5
   n02120505      0.250     0.333     0.286         6
   n02123045      0.333     0.167     0.222         6
   n02123159      0.000     0.000     0.000         6
   n02123394      0.500     0.250     0.333         8
   n02123597      0.500     0.333     0.400         3
   n02124075      0.000     0.000     0.000         3
   n02125311      0.000     0.000     0.000         3
   n02127052      0.167     0.250     0.200         4
   n02128385      0.400     0.800     0.533         5
   n02128757      0.400     0.400     0.400         5
   n02128925      0.333     0.200     0.250         5
   n02129165      0.375     0.250     0.300        12
   n02129604      0.250     0.125     0.167         8
   n02130308      0.400     0.667     0.500         3
   n02132136      0.143     0.200     0.167         5
   n02133161      0.667     0.400     0.500         5
   n02134084      0.250     0.143     0.182         7
   n02134418      0.333     0.333     0.333         6
   n02137549      0.000     0.000     0.000         3
   n02138441      0.200     0.250     0.222         4
   n02165105      0.000     0.000     0.000         3
   n02165456      0.250     0.200     0.222         5
   n02167151      0.000     0.000     0.000         4
   n02168699      0.000     0.000     0.000         4
   n02169497      0.200     0.250     0.222         4
   n02172182      0.000     0.000     0.000         3
   n02174001      0.000     0.000     0.000         4
   n02177972      0.250     0.400     0.308         5
   n02190166      0.333     0.333     0.333         3
   n02206856      0.250     0.250     0.250         4
   n02219486      0.167     0.167     0.167         6
   n02226429      0.000     0.000     0.000         3
   n02229544      0.000     0.000     0.000         3
   n02231487      0.000     0.000     0.000         4
   n02233338      0.000     0.000     0.000         4
   n02236044      0.000     0.000     0.000         4
   n02256656      0.091     0.200     0.125         5
   n02259212      0.000     0.000     0.000         3
   n02264363      0.667     0.500     0.571         4
   n02268443      0.250     0.200     0.222         5
   n02268853      0.143     0.250     0.182         4
   n02276258      0.500     0.333     0.400         3
   n02277742      1.000     0.250     0.400         4
   n02279972      1.000     1.000     1.000         4
   n02280649      1.000     0.333     0.500         3
   n02281406      1.000     0.750     0.857         4
   n02281787      0.500     0.200     0.286         5
   n02317335      0.000     0.000     0.000         2
   n02319095      0.000     0.000     0.000         3
   n02321529      0.000     0.000     0.000         4
   n02325366      0.250     0.167     0.200         6
   n02326432      0.429     0.600     0.500         5
   n02328150      0.500     0.250     0.333         4
   n02342885      0.400     0.500     0.444         4
   n02346627      0.500     0.333     0.400         3
   n02356798      0.000     0.000     0.000         7
   n02361337      0.000     0.000     0.000         3
   n02363005      0.333     0.333     0.333         3
   n02364673      0.333     0.333     0.333         3
   n02389026      0.500     0.250     0.333         4
   n02391049      1.000     0.667     0.800         3
   n02395406      0.000     0.000     0.000         3
   n02396427      0.200     0.333     0.250         3
   n02397096      0.000     0.000     0.000         2
   n02398521      0.250     0.333     0.286         3
   n02403003      0.000     0.000     0.000         3
   n02408429      0.286     1.000     0.444         2
   n02410509      0.200     0.250     0.222         4
   n02412080      0.000     0.000     0.000         2
   n02415577      0.000     0.000     0.000         3
   n02417914      0.333     0.333     0.333         3
   n02422106      0.400     0.667     0.500         3
   n02422699      0.667     0.500     0.571         4
   n02423022      0.333     0.500     0.400         4
   n02437312      0.250     0.333     0.286         3
   n02437616      0.250     0.333     0.286         3
   n02441942      0.000     0.000     0.000         6
   n02442845      0.000     0.000     0.000         4
   n02443114      0.000     0.000     0.000         5
   n02443484      0.000     0.000     0.000         5
   n02444819      0.000     0.000     0.000        10
   n02445715      0.333     0.250     0.286         4
   n02447366      0.750     0.333     0.462         9
   n02454379      0.000     0.000     0.000         3
   n02457408      0.000     0.000     0.000         2
   n02480495      0.000     0.000     0.000         3
   n02480855      0.250     0.250     0.250         4
   n02481823      0.333     0.400     0.364         5
   n02483362      0.333     0.600     0.429         5
   n02483708      0.000     0.000     0.000         9
   n02484975      0.250     0.333     0.286         3
   n02486261      0.667     0.182     0.286        11
   n02486410      0.143     0.200     0.167         5
   n02487347      0.000     0.000     0.000         2
   n02488291      0.333     0.333     0.333         3
   n02488702      0.000     0.000     0.000         5
   n02489166      0.333     0.333     0.333         3
   n02490219      0.000     0.000     0.000         5
   n02492035      0.250     0.250     0.250         4
   n02492660      0.167     0.250     0.200         4
   n02493509      0.000     0.000     0.000         4
   n02493793      0.143     0.125     0.133         8
   n02494079      0.250     0.333     0.286         3
   n02497673      0.500     0.167     0.250         6
   n02500267      0.000     0.000     0.000         2
   n02504013      0.500     0.111     0.182         9
   n02504458      0.600     0.600     0.600         5
   n02509815      0.500     0.750     0.600         4
   n02510455      1.000     0.667     0.800         3
   n02514041      0.333     0.167     0.222         6
   n02526121      0.000     0.000     0.000         4
   n02536864      0.667     0.500     0.571         4
   n02606052      1.000     0.750     0.857         4
   n02607072      0.250     0.500     0.333         2
   n02640242      0.250     0.333     0.286         3
   n02641379      0.000     0.000     0.000         4
   n02643566      0.333     0.500     0.400         2
   n02655020      0.000     0.000     0.000         3
   n02666196      0.000     0.000     0.000         5
   n02667093      0.333     0.111     0.167         9
   n02669723      0.000     0.000     0.000         3
   n02672831      0.000     0.000     0.000         3
   n02676566      0.000     0.000     0.000         4
   n02687172      0.400     0.400     0.400         5
   n02690373      0.429     0.600     0.500         5
   n02692877      0.333     0.167     0.222         6
   n02699494      0.000     0.000     0.000         3
   n02701002      0.333     0.667     0.444         3
   n02704792      0.000     0.000     0.000         6
   n02708093      0.143     0.125     0.133         8
   n02727426      0.000     0.000     0.000         3
   n02730930      0.000     0.000     0.000         3
   n02747177      0.000     0.000     0.000         4
   n02749479      0.333     0.250     0.286         4
   n02769748      0.000     0.000     0.000         3
   n02776631      0.000     0.000     0.000         3
   n02777292      0.250     0.200     0.222         5
   n02782093      0.333     0.250     0.286         4
   n02783161      0.000     0.000     0.000         4
   n02786058      0.083     0.143     0.105         7
   n02787622      0.167     0.200     0.182         5
   n02788148      0.000     0.000     0.000         3
   n02790996      0.333     0.167     0.222         6
   n02791124      0.000     0.000     0.000         4
   n02791270      0.000     0.000     0.000         3
   n02793495      0.200     0.250     0.222         4
   n02794156      0.300     0.750     0.429         4
   n02795169      0.167     0.167     0.167         6
   n02797295      0.000     0.000     0.000         3
   n02799071      0.000     0.000     0.000         3
   n02802426      0.167     0.250     0.200         4
   n02804414      0.250     0.200     0.222         5
   n02804610      0.000     0.000     0.000         3
   n02807133      0.000     0.000     0.000         3
   n02808304      0.125     0.250     0.167         4
   n02808440      0.000     0.000     0.000         3
   n02814533      0.000     0.000     0.000         3
   n02814860      0.500     0.250     0.333         4
   n02815834      0.000     0.000     0.000         4
   n02817516      0.500     0.750     0.600         4
   n02823428      0.000     0.000     0.000         4
   n02823750      0.000     0.000     0.000         5
   n02825657      0.000     0.000     0.000         2
   n02834397      0.000     0.000     0.000         4
   n02835271      0.000     0.000     0.000         3
   n02837789      0.167     0.250     0.200         4
   n02840245      0.000     0.000     0.000         8
   n02841315      0.000     0.000     0.000         5
   n02843684      0.000     0.000     0.000         2
   n02859443      0.000     0.000     0.000         4
   n02860847      0.200     0.143     0.167         7
   n02865351      0.000     0.000     0.000         6
   n02869837      0.000     0.000     0.000         3
   n02870880      0.000     0.000     0.000         5
   n02871525      0.000     0.000     0.000         4
   n02877765      0.000     0.000     0.000         4
   n02879718      0.000     0.000     0.000         3
   n02883205      0.286     0.400     0.333         5
   n02892201      0.500     0.500     0.500         4
   n02892767      0.000     0.000     0.000         6
   n02894605      0.000     0.000     0.000         4
   n02895154      0.000     0.000     0.000         4
   n02906734      1.000     0.250     0.400         4
   n02909870      0.000     0.000     0.000         5
   n02910353      0.000     0.000     0.000         4
   n02916936      0.500     0.250     0.333         4
   n02917067      1.000     0.667     0.800         3
   n02927161      0.200     0.250     0.222         4
   n02930766      0.143     0.333     0.200         3
   n02939185      0.000     0.000     0.000         3
   n02948072      0.000     0.000     0.000         4
   n02950826      0.500     0.333     0.400         3
   n02951358      0.667     0.667     0.667         3
   n02951585      0.000     0.000     0.000        11
   n02963159      0.000     0.000     0.000         4
   n02965783      0.250     0.250     0.250         4
   n02966193      0.000     0.000     0.000         3
   n02966687      0.250     0.200     0.222         5
   n02971356      0.000     0.000     0.000         3
   n02974003      0.000     0.000     0.000         4
   n02977058      0.000     0.000     0.000         4
   n02978881      0.000     0.000     0.000         3
   n02979186      0.000     0.000     0.000         6
   n02980441      0.333     0.167     0.222         6
   n02981792      0.125     0.250     0.167         4
   n02988304      0.000     0.000     0.000         4
   n02992211      0.333     0.250     0.286         4
   n02992529      0.000     0.000     0.000         8
   n02999410      0.000     0.000     0.000         4
   n03000134      0.000     0.000     0.000         4
   n03000247      0.500     0.200     0.286         5
   n03000684      0.000     0.000     0.000         7
   n03014705      0.000     0.000     0.000         4
   n03016953      0.000     0.000     0.000         4
   n03017168      0.000     0.000     0.000         5
   n03018349      0.000     0.000     0.000         4
   n03026506      0.250     0.250     0.250         4
   n03028079      0.000     0.000     0.000         4
   n03032252      0.000     0.000     0.000         3
   n03041632      0.000     0.000     0.000         4
   n03042490      0.333     0.333     0.333         3
   n03045698      0.000     0.000     0.000         4
   n03047690      0.000     0.000     0.000         8
   n03062245      0.000     0.000     0.000         2
   n03063599      0.000     0.000     0.000         5
   n03063689      0.000     0.000     0.000         5
   n03065424      0.000     0.000     0.000         3
   n03075370      0.200     0.250     0.222         4
   n03085013      0.000     0.000     0.000         5
   n03089624      0.000     0.000     0.000         3
   n03095699      0.571     0.500     0.533         8
   n03100240      0.167     0.250     0.200         4
   n03109150      0.000     0.000     0.000        11
   n03110669      0.000     0.000     0.000         5
   n03124043      0.000     0.000     0.000         4
   n03124170      0.000     0.000     0.000         2
   n03125729      0.000     0.000     0.000         3
   n03126707      0.167     0.250     0.200         4
   n03127747      0.000     0.000     0.000         5
   n03127925      0.000     0.000     0.000         4
   n03131574      0.333     0.333     0.333         3
   n03133878      1.000     0.333     0.500         3
   n03134739      0.500     0.250     0.333         4
   n03141823      0.000     0.000     0.000         5
   n03146219      0.000     0.000     0.000         5
   n03160309      0.000     0.000     0.000         4
   n03179701      0.000     0.000     0.000         5
   n03180011      0.000     0.000     0.000         4
   n03187595      0.143     0.333     0.200         3
   n03188531      0.000     0.000     0.000         4
   n03196217      0.200     0.167     0.182         6
   n03197337      0.000     0.000     0.000         4
   n03201208      0.400     0.500     0.444         4
   n03207743      0.000     0.000     0.000         3
   n03207941      1.000     0.250     0.400         4
   n03208938      0.333     0.500     0.400         4
   n03216828      0.111     0.250     0.154         4
   n03218198      0.000     0.000     0.000         3
   n03220513      0.000     0.000     0.000         2
   n03223299      0.000     0.000     0.000         3
   n03240683      0.000     0.000     0.000         5
   n03249569      0.000     0.000     0.000         4
   n03250847      0.333     0.250     0.286         4
   n03255030      0.000     0.000     0.000         3
   n03259280      0.000     0.000     0.000         4
   n03271574      0.000     0.000     0.000         5
   n03272010      0.250     0.250     0.250         4
   n03272562      0.200     0.250     0.222         4
   n03290653      0.714     0.556     0.625         9
   n03291819      0.000     0.000     0.000         3
   n03297495      0.333     0.143     0.200        14
   n03314780      0.667     0.364     0.471        11
   n03325584      0.000     0.000     0.000         3
   n03337140      0.000     0.000     0.000         4
   n03344393      0.500     0.500     0.500         4
   n03345487      1.000     1.000     1.000         3
   n03347037      0.250     0.200     0.222         5
   n03355925      0.000     0.000     0.000         5
   n03372029      0.000     0.000     0.000         5
   n03376595      0.250     0.250     0.250         4
   n03379051      0.333     0.333     0.333         3
   n03384352      0.250     0.333     0.286         3
   n03388043      0.000     0.000     0.000         4
   n03388183      0.091     0.500     0.154         2
   n03388549      0.250     1.000     0.400         1
   n03393912      0.667     0.667     0.667         3
   n03394916      0.286     0.667     0.400         3
   n03400231      0.000     0.000     0.000         4
   n03404251      0.000     0.000     0.000         2
   n03417042      0.143     0.250     0.182         4
   n03424325      0.000     0.000     0.000         5
   n03425413      0.167     0.250     0.200         4
   n03443371      0.400     0.400     0.400         5
   n03444034      0.500     0.667     0.571         3
   n03445777      0.250     0.250     0.250         4
   n03445924      0.200     0.333     0.250         3
   n03447447      1.000     0.333     0.500         3
   n03447721      1.000     0.143     0.250         7
   n03450230      0.333     0.250     0.286         4
   n03452741      0.333     0.333     0.333         3
   n03457902      0.000     0.000     0.000         2
   n03459775      0.333     0.250     0.286         4
   n03461385      0.000     0.000     0.000         3
   n03467068      0.000     0.000     0.000         4
   n03476684      0.000     0.000     0.000         3
   n03476991      0.000     0.000     0.000         4
   n03478589      0.000     0.000     0.000         2
   n03481172      0.000     0.000     0.000         3
   n03482405      0.000     0.000     0.000         4
   n03483316      0.167     0.250     0.200         4
   n03485407      0.000     0.000     0.000         3
   n03485794      0.000     0.000     0.000         4
   n03492542      0.000     0.000     0.000         3
   n03494278      0.000     0.000     0.000         4
   n03495258      0.200     1.000     0.333         1
   n03496892      0.000     0.000     0.000         6
   n03498962      0.000     0.000     0.000         4
   n03527444      0.250     0.333     0.286         3
   n03529860      0.182     0.333     0.235         6
   n03530642      0.167     0.250     0.200         4
   n03532672      0.000     0.000     0.000         3
   n03534580      0.000     0.000     0.000         4
   n03535780      0.000     0.000     0.000         4
   n03538406      0.000     0.000     0.000         3
   n03544143      0.000     0.000     0.000         6
   n03584254      0.000     0.000     0.000         6
   n03584829      0.200     0.100     0.133        10
   n03590841      0.600     0.600     0.600         5
   n03594734      0.250     0.333     0.286         3
   n03594945      0.167     0.250     0.200         4
   n03595614      0.000     0.000     0.000         5
   n03598930      0.000     0.000     0.000         3
   n03599486      0.333     0.333     0.333         3
   n03602883      0.000     0.000     0.000         4
   n03617480      1.000     0.500     0.667         4
   n03623198      0.200     0.111     0.143         9
   n03627232      0.000     0.000     0.000         4
   n03630383      0.429     0.429     0.429         7
   n03633091      0.000     0.000     0.000         3
   n03637318      0.000     0.000     0.000         4
   n03642806      0.000     0.000     0.000         7
   n03649909      0.000     0.000     0.000         3
   n03657121      0.167     0.333     0.222         3
   n03658185      0.000     0.000     0.000         5
   n03661043      0.000     0.000     0.000         3
   n03662601      0.400     0.667     0.500         3
   n03666591      0.000     0.000     0.000         5
   n03670208      0.250     0.333     0.286         3
   n03673027      0.500     0.500     0.500         4
   n03676483      0.000     0.000     0.000         3
   n03680355      0.333     0.333     0.333         3
   n03690938      0.000     0.000     0.000         6
   n03691459      0.000     0.000     0.000         6
   n03692522      0.000     0.000     0.000         4
   n03697007      0.200     0.333     0.250         3
   n03706229      0.250     0.500     0.333         2
   n03709823      0.000     0.000     0.000         7
   n03710193      0.400     0.500     0.444         4
   n03710637      0.333     0.250     0.286         4
   n03710721      0.000     0.000     0.000         4
   n03717622      0.000     0.000     0.000         2
   n03720891      0.000     0.000     0.000         8
   n03721384      0.000     0.000     0.000         4
   n03724870      0.000     0.000     0.000         3
   n03729826      0.000     0.000     0.000         4
   n03733131      0.200     0.333     0.250         3
   n03733281      0.000     0.000     0.000         2
   n03733805      0.000     0.000     0.000         4
   n03742115      0.333     0.250     0.286         4
   n03743016      0.000     0.000     0.000         2
   n03759954      0.000     0.000     0.000         5
   n03761084      0.000     0.000     0.000         4
   n03763968      0.000     0.000     0.000         5
   n03764736      0.000     0.000     0.000         4
   n03769881      0.200     0.333     0.250         3
   n03770439      0.000     0.000     0.000         3
   n03770679      0.000     0.000     0.000         4
   n03773504      0.200     0.200     0.200         5
   n03775071      0.000     0.000     0.000         3
   n03775546      0.000     0.000     0.000         3
   n03776460      0.333     0.250     0.286         4
   n03777568      0.286     0.667     0.400         3
   n03777754      0.167     0.250     0.200         4
   n03781244      0.250     0.333     0.286         3
   n03782006      0.000     0.000     0.000         4
   n03785016      0.111     0.333     0.167         3
   n03786901      0.167     0.333     0.222         3
   n03787032      0.000     0.000     0.000         5
   n03788195      0.500     0.333     0.400         3
   n03788365      0.167     0.167     0.167         6
   n03791053      0.000     0.000     0.000         3
   n03792782      0.000     0.000     0.000         4
   n03792972      0.200     0.333     0.250         3
   n03793489      0.143     0.167     0.154         6
   n03794056      0.000     0.000     0.000         4
   n03796401      0.250     0.250     0.250         4
   n03803284      0.000     0.000     0.000         4
   n03804744      0.000     0.000     0.000         4
   n03814639      0.000     0.000     0.000         4
   n03814906      0.000     0.000     0.000         2
   n03825788      0.000     0.000     0.000         8
   n03832673      0.000     0.000     0.000         4
   n03837869      0.200     0.250     0.222         4
   n03838899      0.250     0.111     0.154         9
   n03840681      0.000     0.000     0.000         4
   n03841143      1.000     0.600     0.750         5
   n03843555      0.000     0.000     0.000         4
   n03854065      0.250     0.333     0.286         3
   n03857828      0.667     0.333     0.444         6
   n03866082      0.000     0.000     0.000         3
   n03868242      0.333     0.333     0.333         3
   n03868863      0.000     0.000     0.000         7
   n03871628      0.200     0.333     0.250         3
   n03873416      0.286     0.667     0.400         3
   n03874293      0.667     0.667     0.667         3
   n03874599      0.000     0.000     0.000         1
   n03876231      0.000     0.000     0.000         4
   n03877472      0.500     0.250     0.333         4
   n03877845      0.667     0.667     0.667         3
   n03884397      1.000     0.333     0.500         6
   n03887697      0.000     0.000     0.000         9
   n03888257      0.400     0.400     0.400         5
   n03888605      0.400     0.286     0.333         7
   n03891251      0.000     0.000     0.000         2
   n03891332      0.000     0.000     0.000         4
   n03895866      0.000     0.000     0.000         4
   n03899768      0.000     0.000     0.000         2
   n03902125      0.143     0.333     0.200         3
   n03903868      0.000     0.000     0.000         3
   n03908618      0.333     0.250     0.286         4
   n03908714      0.000     0.000     0.000         3
   n03916031      0.000     0.000     0.000         5
   n03920288      0.200     0.200     0.200         5
   n03924679      0.455     0.556     0.500         9
   n03929660      0.000     0.000     0.000         4
   n03929855      0.000     0.000     0.000         4
   n03930313      0.200     0.333     0.250         3
   n03930630      0.333     0.667     0.444         3
   n03933933      0.167     0.250     0.200         4
   n03935335      0.000     0.000     0.000         4
   n03937543      0.000     0.000     0.000         3
   n03938244      0.000     0.000     0.000         3
   n03942813      0.222     0.667     0.333         3
   n03944341      0.167     0.500     0.250         2
   n03947888      0.500     0.250     0.333         4
   n03950228      0.000     0.000     0.000         4
   n03954731      0.375     0.600     0.462         5
   n03956157      1.000     0.333     0.500         3
   n03958227      0.333     0.333     0.333         3
   n03961711      0.000     0.000     0.000         4
   n03967562      0.000     0.000     0.000         3
   n03970156      0.000     0.000     0.000         3
   n03976467      0.286     1.000     0.444         4
   n03976657      0.250     0.250     0.250         4
   n03977966      0.000     0.000     0.000         3
   n03980874      0.000     0.000     0.000         3
   n03982430      0.000     0.000     0.000         4
   n03983396      0.000     0.000     0.000         4
   n03991062      0.000     0.000     0.000         3
   n03992509      0.000     0.000     0.000         4
   n03995372      0.000     0.000     0.000         4
   n03998194      0.400     0.667     0.500         3
   n04004767      0.000     0.000     0.000         4
   n04005630      0.000     0.000     0.000         5
   n04008634      0.000     0.000     0.000         4
   n04009552      0.250     0.200     0.222         5
   n04019541      0.600     0.750     0.667         4
   n04023962      0.000     0.000     0.000         4
   n04026417      0.000     0.000     0.000         4
   n04033901      0.000     0.000     0.000         5
   n04033995      0.000     0.000     0.000         5
   n04037443      0.200     0.333     0.250         3
   n04039381      0.000     0.000     0.000         3
   n04040759      0.000     0.000     0.000         4
   n04041544      0.000     0.000     0.000         3
   n04044716      0.400     0.800     0.533         5
   n04049303      0.000     0.000     0.000         3
   n04065272      0.400     0.400     0.400         5
   n04067472      0.000     0.000     0.000         2
   n04069434      0.250     0.200     0.222         5
   n04070727      0.286     0.500     0.364         4
   n04074963      0.000     0.000     0.000         3
   n04081281      0.111     0.333     0.167         3
   n04086273      0.000     0.000     0.000         9
   n04090263      0.000     0.000     0.000         3
   n04099969      0.000     0.000     0.000         5
   n04111531      0.000     0.000     0.000         4
   n04116512      0.000     0.000     0.000         3
   n04118538      0.500     0.333     0.400         3
   n04118776      0.000     0.000     0.000         6
   n04120489      0.333     0.400     0.364         5
   n04125021      0.000     0.000     0.000         6
   n04127249      0.250     0.500     0.333         4
   n04131690      0.333     0.200     0.250         5
   n04133789      0.333     0.333     0.333         3
   n04136333      0.000     0.000     0.000         3
   n04141076      0.000     0.000     0.000         4
   n04141327      0.000     0.000     0.000         5
   n04141975      0.000     0.000     0.000         5
   n04146614      0.400     0.667     0.500         3
   n04147183      0.250     0.167     0.200         6
   n04149813      0.077     0.333     0.125         3
   n04152593      0.000     0.000     0.000         5
   n04153751      0.000     0.000     0.000         4
   n04154565      0.000     0.000     0.000         5
   n04162706      0.143     0.250     0.182         4
   n04179913      0.000     0.000     0.000         4
   n04192698      0.000     0.000     0.000         3
   n04200800      0.200     0.333     0.250         3
   n04201297      0.333     0.500     0.400         4
   n04204238      0.000     0.000     0.000         3
   n04204347      0.000     0.000     0.000         3
   n04208210      0.000     0.000     0.000         3
   n04209133      0.000     0.000     0.000         4
   n04209239      0.000     0.000     0.000         5
   n04228054      0.000     0.000     0.000         4
   n04229816      0.000     0.000     0.000         3
   n04235860      0.000     0.000     0.000         5
   n04238763      0.000     0.000     0.000         4
   n04239074      0.000     0.000     0.000         4
   n04243546      0.250     0.333     0.286         3
   n04251144      0.000     0.000     0.000         3
   n04252077      0.273     0.750     0.400         4
   n04252225      0.167     0.500     0.250         4
   n04254120      0.000     0.000     0.000         4
   n04254680      0.500     0.500     0.500         6
   n04254777      0.000     0.000     0.000         4
   n04258138      0.333     0.500     0.400         2
   n04259630      0.000     0.000     0.000         5
   n04263257      0.000     0.000     0.000         3
   n04264628      0.000     0.000     0.000         3
   n04265275      0.000     0.000     0.000         3
   n04266014      0.000     0.000     0.000         4
   n04270147      0.000     0.000     0.000         5
   n04273569      0.667     0.500     0.571         4
   n04275548      0.000     0.000     0.000         4
   n04277352      0.333     0.250     0.286         4
   n04285008      0.000     0.000     0.000         3
   n04286575      0.000     0.000     0.000         4
   n04296562      0.143     0.250     0.182         4
   n04310018      0.500     1.000     0.667         3
   n04311004      0.286     0.500     0.364         4
   n04311174      0.143     0.333     0.200         3
   n04317175      0.000     0.000     0.000         4
   n04325704      0.000     0.000     0.000         3
   n04326547      0.000     0.000     0.000         4
   n04328186      0.000     0.000     0.000         4
   n04330267      0.250     0.333     0.286         3
   n04332243      0.250     0.250     0.250         4
   n04335435      0.000     0.000     0.000         3
   n04336792      0.000     0.000     0.000         3
   n04344873      0.000     0.000     0.000         4
   n04346328      0.667     0.500     0.571         4
   n04347754      0.333     0.250     0.286         4
   n04350905      0.333     0.250     0.286         4
   n04355338      0.000     0.000     0.000         4
   n04355933      0.000     0.000     0.000         4
   n04356056      0.000     0.000     0.000         4
   n04357314      0.500     0.400     0.444         5
   n04366367      0.000     0.000     0.000         2
   n04367480      0.000     0.000     0.000         6
   n04370456      0.000     0.000     0.000         4
   n04371430      0.000     0.000     0.000         3
   n04371774      0.000     0.000     0.000         4
   n04372370      0.500     0.200     0.286         5
   n04376876      0.000     0.000     0.000         4
   n04380533      0.200     0.500     0.286         4
   n04389033      0.000     0.000     0.000         3
   n04392985      0.000     0.000     0.000         4
   n04398044      0.000     0.000     0.000         4
   n04399382      0.000     0.000     0.000         3
   n04404412      0.000     0.000     0.000         4
   n04409515      0.000     0.000     0.000         5
   n04417672      0.200     0.250     0.222         4
   n04418357      0.000     0.000     0.000         3
   n04423845      0.000     0.000     0.000         3
   n04428191      0.000     0.000     0.000         4
   n04429376      0.000     0.000     0.000         3
   n04435653      0.500     0.333     0.400         3
   n04442312      0.125     0.143     0.133         7
   n04443257      0.250     0.333     0.286         3
   n04447861      0.000     0.000     0.000         3
   n04456115      0.250     0.500     0.333         4
   n04458633      0.000     0.000     0.000         3
   n04461696      0.000     0.000     0.000         3
   n04462240      1.000     0.333     0.500         3
   n04465501      0.333     0.333     0.333         3
   n04467665      0.000     0.000     0.000         4
   n04476259      0.000     0.000     0.000         3
   n04479046      0.167     0.250     0.200         4
   n04482393      0.000     0.000     0.000         3
   n04483307      0.000     0.000     0.000         4
   n04485082      0.000     0.000     0.000         3
   n04486054      0.600     0.750     0.667         4
   n04487081      0.500     0.667     0.571         3
   n04487394      0.000     0.000     0.000         3
   n04493381      0.000     0.000     0.000         4
   n04501370      0.000     0.000     0.000         3
   n04505470      0.333     0.250     0.286         4
   n04507155      0.000     0.000     0.000         3
   n04509417      0.000     0.000     0.000         3
   n04515003      0.000     0.000     0.000         5
   n04517823      0.000     0.000     0.000         4
   n04522168      0.000     0.000     0.000         3
   n04523525      0.400     0.667     0.500         3
   n04525038      0.000     0.000     0.000         2
   n04525305      0.200     0.250     0.222         4
   n04532106      0.000     0.000     0.000         3
   n04532670      0.000     0.000     0.000         3
   n04536866      0.000     0.000     0.000         2
   n04540053      0.000     0.000     0.000         5
   n04542943      0.000     0.000     0.000         3
   n04548280      0.000     0.000     0.000         3
   n04548362      0.000     0.000     0.000         5
   n04550184      0.000     0.000     0.000         5
   n04552348      0.000     0.000     0.000         5
   n04553703      0.400     0.333     0.364         6
   n04554684      0.000     0.000     0.000         4
   n04557648      0.000     0.000     0.000         3
   n04560804      0.000     0.000     0.000         4
   n04562935      0.400     0.500     0.444         4
   n04579145      0.500     1.000     0.667         2
   n04579432      0.167     0.077     0.105        13
   n04584207      0.000     0.000     0.000         7
   n04589890      0.500     0.333     0.400         3
   n04590129      0.000     0.000     0.000         4
   n04591157      0.000     0.000     0.000         5
   n04591713      0.000     0.000     0.000         3
   n04592741      0.333     0.200     0.250         5
   n04596742      0.000     0.000     0.000         3
   n04597913      0.000     0.000     0.000         4
   n04599235      0.000     0.000     0.000         3
   n04604644      0.333     0.333     0.333         3
   n04606251      0.000     0.000     0.000         5
   n04612504      0.400     0.500     0.444         4
   n04613696      0.000     0.000     0.000         4
   n06359193      0.500     1.000     0.667         3
   n06596364      0.333     0.333     0.333         3
   n06785654      1.000     0.500     0.667         4
   n06794110      0.000     0.000     0.000         3
   n06874185      0.000     0.000     0.000         3
   n07248320      0.000     0.000     0.000         3
   n07565083      0.250     0.200     0.222         5
   n07579787      0.167     0.333     0.222         3
   n07583066      0.000     0.000     0.000         3
   n07584110      0.000     0.000     0.000         4
   n07590611      0.000     0.000     0.000         3
   n07613480      0.000     0.000     0.000         4
   n07614500      0.000     0.000     0.000         4
   n07615774      0.000     0.000     0.000         4
   n07684084      0.000     0.000     0.000         3
   n07693725      0.333     0.333     0.333         3
   n07695742      0.333     0.333     0.333         3
   n07697313      0.500     0.667     0.571         3
   n07697537      0.000     0.000     0.000         3
   n07711569      0.333     1.000     0.500         1
   n07714571      0.143     0.250     0.182         4
   n07714990      0.000     0.000     0.000         4
   n07715103      0.400     0.400     0.400         5
   n07716358      0.000     0.000     0.000         3
   n07716906      0.000     0.000     0.000         4
   n07717410      0.000     0.000     0.000         4
   n07717556      0.000     0.000     0.000         4
   n07718472      0.333     0.250     0.286         4
   n07718747      0.000     0.000     0.000         4
   n07720875      0.000     0.000     0.000         4
   n07730033      0.286     0.667     0.400         3
   n07734744      0.000     0.000     0.000         2
   n07742313      0.571     0.571     0.571         7
   n07745940      0.444     0.800     0.571         5
   n07747607      0.333     0.250     0.286         4
   n07749582      0.125     0.250     0.167         4
   n07753113      0.400     0.500     0.444         4
   n07753275      0.500     0.250     0.333         4
   n07753592      1.000     0.667     0.800         3
   n07754684      0.200     0.333     0.250         3
   n07760859      0.000     0.000     0.000         5
   n07768694      0.250     0.200     0.222         5
   n07802026      0.000     0.000     0.000         3
   n07831146      0.000     0.000     0.000         2
   n07836838      0.000     0.000     0.000         3
   n07860988      0.000     0.000     0.000         4
   n07871810      0.333     0.333     0.333         3
   n07873807      0.000     0.000     0.000         2
   n07875152      0.000     0.000     0.000         3
   n07880968      0.000     0.000     0.000         4
   n07892512      0.000     0.000     0.000         4
   n07920052      0.500     0.250     0.333         4
   n07930864      0.000     0.000     0.000         4
   n07932039      0.000     0.000     0.000         5
   n09193705      0.667     0.667     0.667         3
   n09229709      0.000     0.000     0.000         4
   n09246464      0.000     0.000     0.000         4
   n09256479      0.000     0.000     0.000         2
   n09288635      0.500     0.750     0.600         4
   n09332890      0.000     0.000     0.000         4
   n09399592      0.000     0.000     0.000         4
   n09421951      1.000     0.250     0.400         4
   n09428293      0.200     0.250     0.222         4
   n09468604      0.250     0.667     0.364         3
   n09472597      0.333     0.250     0.286         4
   n09835506      0.167     0.333     0.222         3
   n10148035      0.250     0.250     0.250         4
   n10565667      0.167     0.250     0.200         4
   n11879895      1.000     0.600     0.750         5
   n11939491      0.667     1.000     0.800         4
   n12057211      0.429     0.750     0.545         4
   n12144580      0.000     0.000     0.000         3
   n12267677      0.000     0.000     0.000         4
   n12620546      0.500     0.750     0.600         4
   n12768682      0.200     0.333     0.250         3
   n12985857      0.400     1.000     0.571         2
   n12998815      0.500     1.000     0.667         2
   n13037406      0.333     0.333     0.333         3
   n13040303      1.000     0.250     0.400         4
   n13044778      1.000     0.333     0.500         3
   n13052670      0.286     0.667     0.400         3
   n13054560      0.500     0.167     0.250         6
   n13133613      0.000     0.000     0.000         2
   n15075141      0.000     0.000     0.000         5

    accuracy                          0.187      3923
   macro avg      0.185     0.194     0.175      3923
weighted avg      0.193     0.187     0.175      3923
