              precision    recall  f1-score   support

   n01440764      1.000     0.880     0.936        50
   n01443537      0.957     0.900     0.928        50
   n01484850      0.894     0.840     0.866        50
   n01491361      0.750     0.840     0.792        50
   n01494475      0.900     0.900     0.900        50
   n01496331      0.881     0.740     0.804        50
   n01498041      0.710     0.880     0.786        50
   n01514668      0.867     0.780     0.821        50
   n01514859      0.837     0.820     0.828        50
   n01518878      0.943     1.000     0.971        50
   n01530575      0.900     0.900     0.900        50
   n01531178      0.961     0.980     0.970        50
   n01532829      0.940     0.940     0.940        50
   n01534433      0.943     1.000     0.971        50
   n01537544      0.959     0.940     0.949        50
   n01558993      0.906     0.960     0.932        50
   n01560419      0.977     0.860     0.915        50
   n01580077      0.979     0.920     0.948        50
   n01582220      0.865     0.900     0.882        50
   n01592084      1.000     1.000     1.000        50
   n01601694      0.978     0.880     0.926        50
   n01608432      0.909     0.800     0.851        50
   n01614925      0.891     0.980     0.933        50
   n01616318      0.906     0.960     0.932        50
   n01622779      0.980     0.960     0.970        50
   n01629819      0.906     0.960     0.932        50
   n01630670      0.592     0.580     0.586        50
   n01631663      0.927     0.760     0.835        50
   n01632458      0.833     0.900     0.865        50
   n01632777      0.865     0.900     0.882        50
   n01641577      0.816     0.800     0.808        50
   n01644373      0.868     0.920     0.893        50
   n01644900      0.714     0.500     0.588        50
   n01664065      0.816     0.800     0.808        50
   n01665541      0.872     0.680     0.764        50
   n01667114      0.620     0.620     0.620        50
   n01667778      0.625     0.600     0.612        50
   n01669191      0.786     0.880     0.830        50
   n01675722      0.882     0.900     0.891        50
   n01677366      0.741     0.860     0.796        50
   n01682714      0.580     0.580     0.580        50
   n01685808      0.852     0.920     0.885        50
   n01687978      0.830     0.880     0.854        50
   n01688243      0.917     0.880     0.898        50
   n01689811      0.786     0.660     0.717        50
   n01692333      0.953     0.820     0.882        50
   n01693334      0.520     0.520     0.520        50
   n01694178      0.870     0.800     0.833        50
   n01695060      0.887     0.940     0.913        50
   n01697457      0.848     0.780     0.812        50
   n01698640      0.793     0.920     0.852        50
   n01704323      0.891     0.980     0.933        50
   n01728572      0.741     0.800     0.769        50
   n01728920      0.811     0.860     0.835        50
   n01729322      0.673     0.660     0.667        50
   n01729977      0.721     0.620     0.667        50
   n01734418      0.815     0.880     0.846        50
   n01735189      0.900     0.900     0.900        50
   n01737021      0.629     0.780     0.696        50
   n01739381      0.800     0.720     0.758        50
   n01740131      0.488     0.400     0.440        50
   n01742172      0.759     0.820     0.788        50
   n01744401      0.762     0.640     0.696        50
   n01748264      0.854     0.820     0.837        50
   n01749939      0.679     0.720     0.699        50
   n01751748      0.868     0.660     0.750        50
   n01753488      0.537     0.580     0.558        50
   n01755581      0.717     0.760     0.738        50
   n01756291      0.618     0.420     0.500        50
   n01768244      0.925     0.980     0.951        50
   n01770081      0.882     0.900     0.891        50
   n01770393      0.870     0.940     0.904        50
   n01773157      0.676     0.920     0.780        50
   n01773549      0.571     0.480     0.522        50
   n01773797      0.529     0.540     0.535        50
   n01774384      0.837     0.820     0.828        50
   n01774750      0.942     0.980     0.961        50
   n01775062      0.691     0.760     0.724        50
   n01776313      0.844     0.760     0.800        50
   n01784675      0.913     0.840     0.875        50
   n01795545      0.939     0.920     0.929        50
   n01796340      0.915     0.860     0.887        50
   n01797886      0.733     0.880     0.800        50
   n01798484      0.979     0.920     0.948        50
   n01806143      0.980     0.960     0.970        50
   n01806567      0.882     0.900     0.891        50
   n01807496      0.830     0.780     0.804        50
   n01817953      1.000     0.960     0.980        50
   n01818515      0.940     0.940     0.940        50
   n01819313      0.941     0.960     0.950        50
   n01820546      0.925     0.980     0.951        50
   n01824575      0.936     0.880     0.907        50
   n01828970      0.960     0.960     0.960        50
   n01829413      0.923     0.960     0.941        50
   n01833805      0.923     0.960     0.941        50
   n01843065      0.904     0.940     0.922        50
   n01843383      0.979     0.920     0.948        50
   n01847000      0.880     0.880     0.880        50
   n01855032      0.959     0.940     0.949        50
   n01855672      0.774     0.820     0.796        50
   n01860187      1.000     0.980     0.990        50
   n01871265      0.586     0.680     0.630        50
   n01872401      0.962     1.000     0.980        50
   n01873310      0.930     0.800     0.860        50
   n01877812      0.860     0.860     0.860        50
   n01882714      0.902     0.920     0.911        50
   n01883070      0.898     0.880     0.889        50
   n01910747      0.904     0.940     0.922        50
   n01914609      0.822     0.740     0.779        50
   n01917289      0.807     0.920     0.860        50
   n01924916      0.956     0.860     0.905        50
   n01930112      0.959     0.940     0.949        50
   n01943899      0.765     0.780     0.772        50
   n01944390      0.898     0.880     0.889        50
   n01945685      0.870     0.800     0.833        50
   n01950731      0.857     0.960     0.906        50
   n01955084      0.920     0.920     0.920        50
   n01968897      0.978     0.880     0.926        50
   n01978287      0.788     0.820     0.804        50
   n01978455      0.636     0.700     0.667        50
   n01980166      0.875     0.700     0.778        50
   n01981276      0.851     0.800     0.825        50
   n01983481      0.875     0.840     0.857        50
   n01984695      0.804     0.820     0.812        50
   n01985128      0.681     0.640     0.660        50
   n01986214      0.845     0.980     0.907        50
   n01990800      0.923     0.720     0.809        50
   n02002556      0.979     0.920     0.948        50
   n02002724      0.938     0.900     0.918        50
   n02006656      0.962     1.000     0.980        50
   n02007558      1.000     0.980     0.990        50
   n02009229      0.846     0.880     0.863        50
   n02009912      0.887     0.940     0.913        50
   n02011460      0.959     0.940     0.949        50
   n02012849      0.902     0.740     0.813        50
   n02013706      0.942     0.980     0.961        50
   n02017213      0.962     1.000     0.980        50
   n02018207      0.957     0.900     0.928        50
   n02018795      0.923     0.960     0.941        50
   n02025239      0.877     1.000     0.935        50
   n02027492      0.840     0.840     0.840        50
   n02028035      0.979     0.920     0.948        50
   n02033041      0.918     0.900     0.909        50
   n02037110      0.922     0.940     0.931        50
   n02051845      0.873     0.960     0.914        50
   n02056570      0.980     0.980     0.980        50
   n02058221      0.920     0.920     0.920        50
   n02066245      0.918     0.900     0.909        50
   n02071294      0.926     1.000     0.962        50
   n02074367      0.957     0.880     0.917        50
   n02077923      0.786     0.880     0.830        50
   n02085620      0.648     0.700     0.673        50
   n02085782      0.930     0.800     0.860        50
   n02085936      0.800     0.800     0.800        50
   n02086079      0.796     0.860     0.827        50
   n02086240      0.695     0.820     0.752        50
   n02086646      0.887     0.940     0.913        50
   n02086910      0.868     0.920     0.893        50
   n02087046      0.861     0.620     0.721        50
   n02087394      0.721     0.880     0.793        50
   n02088094      0.959     0.940     0.949        50
   n02088238      0.755     0.800     0.777        50
   n02088364      0.606     0.860     0.711        50
   n02088466      0.871     0.540     0.667        50
   n02088632      0.857     0.840     0.848        50
   n02089078      0.850     0.680     0.756        50
   n02089867      0.607     0.740     0.667        50
   n02089973      0.909     0.400     0.556        50
   n02090379      0.780     0.780     0.780        50
   n02090622      0.925     0.980     0.951        50
   n02090721      0.837     0.720     0.774        50
   n02091032      0.833     0.900     0.865        50
   n02091134      0.774     0.820     0.796        50
   n02091244      0.837     0.720     0.774        50
   n02091467      0.836     0.920     0.876        50
   n02091635      0.900     0.720     0.800        50
   n02091831      0.837     0.820     0.828        50
   n02092002      0.878     0.860     0.869        50
   n02092339      0.961     0.980     0.970        50
   n02093256      0.766     0.720     0.742        50
   n02093428      0.673     0.740     0.705        50
   n02093647      0.961     0.980     0.970        50
   n02093754      0.833     0.900     0.865        50
   n02093859      0.933     0.840     0.884        50
   n02093991      0.684     0.780     0.729        50
   n02094114      0.809     0.760     0.784        50
   n02094258      0.732     0.820     0.774        50
   n02094433      0.738     0.620     0.674        50
   n02095314      0.956     0.860     0.905        50
   n02095570      0.731     0.760     0.745        50
   n02095889      0.978     0.880     0.926        50
   n02096051      0.830     0.880     0.854        50
   n02096177      0.769     0.800     0.784        50
   n02096294      0.682     0.600     0.638        50
   n02096437      0.827     0.860     0.843        50
   n02096585      0.776     0.900     0.833        50
   n02097047      0.895     0.680     0.773        50
   n02097130      0.695     0.820     0.752        50
   n02097209      0.814     0.960     0.881        50
   n02097298      0.745     0.760     0.752        50
   n02097474      0.729     0.860     0.789        50
   n02097658      0.750     0.780     0.765        50
   n02098105      0.755     0.740     0.747        50
   n02098286      0.836     0.920     0.876        50
   n02098413      0.787     0.740     0.763        50
   n02099267      0.768     0.860     0.811        50
   n02099429      0.913     0.840     0.875        50
   n02099601      0.810     0.940     0.870        50
   n02099712      0.667     0.800     0.727        50
   n02099849      0.955     0.840     0.894        50
   n02100236      0.865     0.900     0.882        50
   n02100583      0.837     0.820     0.828        50
   n02100735      0.776     0.900     0.833        50
   n02100877      0.851     0.800     0.825        50
   n02101006      0.936     0.880     0.907        50
   n02101388      0.849     0.900     0.874        50
   n02101556      0.957     0.880     0.917        50
   n02102040      0.821     0.920     0.868        50
   n02102177      0.857     0.840     0.848        50
   n02102318      0.712     0.840     0.771        50
   n02102480      0.897     0.700     0.787        50
   n02102973      0.878     0.860     0.869        50
   n02104029      0.816     0.800     0.808        50
   n02104365      0.772     0.880     0.822        50
   n02105056      0.808     0.840     0.824        50
   n02105162      0.857     0.960     0.906        50
   n02105251      0.853     0.580     0.690        50
   n02105412      0.760     0.760     0.760        50
   n02105505      0.980     0.960     0.970        50
   n02105641      0.904     0.940     0.922        50
   n02105855      0.745     0.760     0.752        50
   n02106030      0.596     0.560     0.577        50
   n02106166      0.698     0.880     0.779        50
   n02106382      0.824     0.840     0.832        50
   n02106550      0.701     0.940     0.803        50
   n02106662      0.896     0.860     0.878        50
   n02107142      0.833     0.800     0.816        50
   n02107312      0.875     0.840     0.857        50
   n02107574      0.556     0.700     0.619        50
   n02107683      0.803     0.980     0.883        50
   n02107908      0.472     0.340     0.395        50
   n02108000      0.673     0.700     0.686        50
   n02108089      0.796     0.780     0.788        50
   n02108422      0.820     0.820     0.820        50
   n02108551      0.920     0.920     0.920        50
   n02108915      0.780     0.920     0.844        50
   n02109047      0.810     0.680     0.739        50
   n02109525      0.940     0.940     0.940        50
   n02109961      0.490     0.500     0.495        50
   n02110063      0.696     0.780     0.736        50
   n02110185      0.544     0.620     0.579        50
   n02110341      0.873     0.960     0.914        50
   n02110627      0.938     0.900     0.918        50
   n02110806      0.855     0.940     0.895        50
   n02110958      0.961     0.980     0.970        50
   n02111129      0.980     1.000     0.990        50
   n02111277      0.889     0.800     0.842        50
   n02111500      0.854     0.820     0.837        50
   n02111889      0.862     1.000     0.926        50
   n02112018      0.845     0.980     0.907        50
   n02112137      0.979     0.920     0.948        50
   n02112350      0.956     0.860     0.905        50
   n02112706      1.000     0.960     0.980        50
   n02113023      0.787     0.960     0.865        50
   n02113186      0.818     0.720     0.766        50
   n02113624      0.596     0.560     0.577        50
   n02113712      0.612     0.600     0.606        50
   n02113799      0.807     0.920     0.860        50
   n02113978      0.978     0.880     0.926        50
   n02114367      0.667     0.720     0.692        50
   n02114548      0.880     0.880     0.880        50
   n02114712      0.674     0.620     0.646        50
   n02114855      0.739     0.680     0.708        50
   n02115641      0.771     0.740     0.755        50
   n02115913      0.918     0.900     0.909        50
   n02116738      0.943     1.000     0.971        50
   n02117135      0.939     0.920     0.929        50
   n02119022      0.660     0.620     0.639        50
   n02119789      0.660     0.700     0.680        50
   n02120079      0.939     0.920     0.929        50
   n02120505      0.735     0.720     0.727        50
   n02123045      0.525     0.620     0.569        50
   n02123159      0.400     0.240     0.300        50
   n02123394      0.855     0.940     0.895        50
   n02123597      0.800     0.960     0.873        50
   n02124075      0.683     0.560     0.615        50
   n02125311      0.870     0.940     0.904        50
   n02127052      0.884     0.760     0.817        50
   n02128385      0.778     0.840     0.808        50
   n02128757      0.936     0.880     0.907        50
   n02128925      0.809     0.760     0.784        50
   n02129165      0.889     0.960     0.923        50
   n02129604      0.774     0.960     0.857        50
   n02130308      0.873     0.960     0.914        50
   n02132136      0.855     0.940     0.895        50
   n02133161      0.804     0.900     0.849        50
   n02134084      0.917     0.880     0.898        50
   n02134418      0.927     0.760     0.835        50
   n02137549      0.833     0.800     0.816        50
   n02138441      0.880     0.880     0.880        50
   n02165105      0.836     0.920     0.876        50
   n02165456      0.759     0.880     0.815        50
   n02167151      0.919     0.680     0.782        50
   n02168699      0.809     0.760     0.784        50
   n02169497      0.744     0.640     0.688        50
   n02172182      0.855     0.940     0.895        50
   n02174001      0.839     0.940     0.887        50
   n02177972      0.957     0.900     0.928        50
   n02190166      0.846     0.880     0.863        50
   n02206856      0.860     0.740     0.796        50
   n02219486      0.741     0.800     0.769        50
   n02226429      0.569     0.660     0.611        50
   n02229544      0.600     0.540     0.568        50
   n02231487      0.796     0.780     0.788        50
   n02233338      0.848     0.780     0.812        50
   n02236044      0.780     0.780     0.780        50
   n02256656      0.873     0.960     0.914        50
   n02259212      0.917     0.880     0.898        50
   n02264363      0.894     0.840     0.866        50
   n02268443      0.880     0.880     0.880        50
   n02268853      0.882     0.900     0.891        50
   n02276258      0.962     1.000     0.980        50
   n02277742      0.961     0.980     0.970        50
   n02279972      1.000     0.940     0.969        50
   n02280649      0.959     0.940     0.949        50
   n02281406      0.940     0.940     0.940        50
   n02281787      1.000     0.960     0.980        50
   n02317335      0.843     0.860     0.851        50
   n02319095      0.891     0.820     0.854        50
   n02321529      0.884     0.760     0.817        50
   n02325366      0.844     0.760     0.800        50
   n02326432      0.827     0.860     0.843        50
   n02328150      0.891     0.980     0.933        50
   n02342885      0.909     1.000     0.952        50
   n02346627      0.904     0.940     0.922        50
   n02356798      0.896     0.860     0.878        50
   n02361337      0.842     0.960     0.897        50
   n02363005      0.913     0.840     0.875        50
   n02364673      1.000     0.860     0.925        50
   n02389026      0.980     0.980     0.980        50
   n02391049      0.980     0.960     0.970        50
   n02395406      0.705     0.620     0.660        50
   n02396427      0.754     0.860     0.804        50
   n02397096      0.904     0.940     0.922        50
   n02398521      0.925     0.980     0.951        50
   n02403003      0.733     0.660     0.695        50
   n02408429      0.865     0.900     0.882        50
   n02410509      0.957     0.900     0.928        50
   n02412080      0.632     0.720     0.673        50
   n02415577      0.721     0.620     0.667        50
   n02417914      0.961     0.980     0.970        50
   n02422106      1.000     1.000     1.000        50
   n02422699      0.792     0.840     0.816        50
   n02423022      0.841     0.740     0.787        50
   n02437312      0.907     0.980     0.942        50
   n02437616      0.939     0.920     0.929        50
   n02441942      0.667     0.440     0.530        50
   n02442845      0.726     0.900     0.804        50
   n02443114      0.477     0.420     0.447        50
   n02443484      0.630     0.680     0.654        50
   n02444819      0.812     0.780     0.796        50
   n02445715      0.961     0.980     0.970        50
   n02447366      0.830     0.880     0.854        50
   n02454379      0.938     0.900     0.918        50
   n02457408      0.943     1.000     0.971        50
   n02480495      0.917     0.880     0.898        50
   n02480855      0.898     0.880     0.889        50
   n02481823      0.793     0.920     0.852        50
   n02483362      0.808     0.840     0.824        50
   n02483708      0.783     0.720     0.750        50
   n02484975      0.846     0.880     0.863        50
   n02486261      0.745     0.700     0.722        50
   n02486410      0.830     0.880     0.854        50
   n02487347      0.745     0.820     0.781        50
   n02488291      0.897     0.700     0.787        50
   n02488702      0.957     0.900     0.928        50
   n02489166      0.926     1.000     0.962        50
   n02490219      0.900     0.720     0.800        50
   n02492035      0.741     0.800     0.769        50
   n02492660      0.865     0.900     0.882        50
   n02493509      0.623     0.660     0.641        50
   n02493793      0.806     0.500     0.617        50
   n02494079      0.609     0.780     0.684        50
   n02497673      0.905     0.760     0.826        50
   n02500267      0.758     0.940     0.839        50
   n02504013      0.733     0.660     0.695        50
   n02504458      0.683     0.560     0.615        50
   n02509815      0.940     0.940     0.940        50
   n02510455      0.941     0.960     0.950        50
   n02514041      0.896     0.860     0.878        50
   n02526121      0.822     0.740     0.779        50
   n02536864      0.836     0.920     0.876        50
   n02606052      0.960     0.960     0.960        50
   n02607072      0.882     0.900     0.891        50
   n02640242      0.917     0.880     0.898        50
   n02641379      0.875     0.840     0.857        50
   n02643566      0.980     0.960     0.970        50
   n02655020      0.900     0.900     0.900        50
   n02666196      0.915     0.860     0.887        50
   n02667093      0.750     0.840     0.792        50
   n02669723      0.647     0.440     0.524        50
   n02672831      0.915     0.860     0.887        50
   n02676566      0.682     0.600     0.638        50
   n02687172      0.849     0.900     0.874        50
   n02690373      0.846     0.880     0.863        50
   n02692877      0.952     0.800     0.870        50
   n02699494      0.586     0.680     0.630        50
   n02701002      0.855     0.940     0.895        50
   n02704792      0.850     0.680     0.756        50
   n02708093      0.661     0.740     0.698        50
   n02727426      0.830     0.880     0.854        50
   n02730930      0.691     0.760     0.724        50
   n02747177      0.590     0.720     0.649        50
   n02749479      0.667     0.520     0.584        50
   n02769748      0.475     0.380     0.422        50
   n02776631      0.343     0.480     0.400        50
   n02777292      0.769     0.800     0.784        50
   n02782093      0.900     0.900     0.900        50
   n02783161      0.730     0.540     0.621        50
   n02786058      0.732     0.820     0.774        50
   n02787622      0.825     0.940     0.879        50
   n02788148      0.506     0.800     0.620        50
   n02790996      0.756     0.620     0.681        50
   n02791124      0.769     0.800     0.784        50
   n02791270      0.508     0.620     0.559        50
   n02793495      0.889     0.960     0.923        50
   n02794156      0.938     0.900     0.918        50
   n02795169      0.721     0.620     0.667        50
   n02797295      0.766     0.720     0.742        50
   n02799071      0.891     0.820     0.854        50
   n02802426      0.979     0.940     0.959        50
   n02804414      0.704     0.760     0.731        50
   n02804610      0.808     0.840     0.824        50
   n02807133      0.691     0.760     0.724        50
   n02808304      0.708     0.680     0.694        50
   n02808440      0.446     0.500     0.472        50
   n02814533      0.648     0.700     0.673        50
   n02814860      0.830     0.780     0.804        50
   n02815834      0.848     0.560     0.675        50
   n02817516      0.956     0.860     0.905        50
   n02823428      0.774     0.820     0.796        50
   n02823750      0.760     0.760     0.760        50
   n02825657      0.691     0.760     0.724        50
   n02834397      0.711     0.640     0.674        50
   n02835271      0.746     0.880     0.807        50
   n02837789      0.612     0.600     0.606        50
   n02840245      0.767     0.660     0.710        50
   n02841315      0.800     0.640     0.711        50
   n02843684      0.754     0.860     0.804        50
   n02859443      0.811     0.860     0.835        50
   n02860847      0.900     0.900     0.900        50
   n02865351      0.846     0.880     0.863        50
   n02869837      0.720     0.720     0.720        50
   n02870880      0.621     0.720     0.667        50
   n02871525      0.596     0.680     0.636        50
   n02877765      0.755     0.740     0.747        50
   n02879718      0.854     0.700     0.769        50
   n02883205      0.784     0.800     0.792        50
   n02892201      0.825     0.940     0.879        50
   n02892767      0.756     0.620     0.681        50
   n02894605      0.604     0.580     0.592        50
   n02895154      0.524     0.440     0.478        50
   n02906734      0.791     0.680     0.731        50
   n02909870      0.568     0.500     0.532        50
   n02910353      0.605     0.520     0.559        50
   n02916936      0.833     0.600     0.698        50
   n02917067      0.959     0.940     0.949        50
   n02927161      0.741     0.800     0.769        50
   n02930766      0.706     0.720     0.713        50
   n02939185      0.683     0.560     0.615        50
   n02948072      0.635     0.660     0.647        50
   n02950826      0.804     0.900     0.849        50
   n02951358      0.825     0.940     0.879        50
   n02951585      0.804     0.740     0.771        50
   n02963159      0.561     0.740     0.638        50
   n02965783      0.920     0.920     0.920        50
   n02966193      0.868     0.920     0.893        50
   n02966687      0.660     0.660     0.660        50
   n02971356      0.588     0.600     0.594        50
   n02974003      0.719     0.460     0.561        50
   n02977058      0.808     0.840     0.824        50
   n02978881      0.689     0.620     0.653        50
   n02979186      0.359     0.280     0.315        50
   n02980441      0.765     0.780     0.772        50
   n02981792      0.700     0.700     0.700        50
   n02988304      0.431     0.440     0.436        50
   n02992211      0.778     0.840     0.808        50
   n02992529      0.692     0.720     0.706        50
   n02999410      0.512     0.420     0.462        50
   n03000134      0.667     0.720     0.692        50
   n03000247      0.826     0.760     0.792        50
   n03000684      0.868     0.920     0.893        50
   n03014705      0.643     0.720     0.679        50
   n03016953      0.810     0.340     0.479        50
   n03017168      0.649     0.740     0.692        50
   n03018349      0.750     0.840     0.792        50
   n03026506      0.662     0.900     0.763        50
   n03028079      0.642     0.680     0.660        50
   n03032252      0.750     0.720     0.735        50
   n03041632      0.697     0.460     0.554        50
   n03042490      0.839     0.940     0.887        50
   n03045698      0.606     0.400     0.482        50
   n03047690      0.767     0.660     0.710        50
   n03062245      0.694     0.680     0.687        50
   n03063599      0.540     0.540     0.540        50
   n03063689      0.588     0.600     0.594        50
   n03065424      0.635     0.800     0.708        50
   n03075370      0.827     0.860     0.843        50
   n03085013      0.536     0.740     0.622        50
   n03089624      0.711     0.640     0.674        50
   n03095699      0.938     0.900     0.918        50
   n03100240      0.793     0.920     0.852        50
   n03109150      0.800     0.960     0.873        50
   n03110669      0.619     0.780     0.690        50
   n03124043      0.727     0.800     0.762        50
   n03124170      0.561     0.740     0.638        50
   n03125729      0.730     0.540     0.621        50
   n03126707      0.909     0.800     0.851        50
   n03127747      0.770     0.940     0.847        50
   n03127925      0.674     0.580     0.624        50
   n03131574      0.780     0.780     0.780        50
   n03133878      0.932     0.820     0.872        50
   n03134739      0.839     0.940     0.887        50
   n03141823      0.628     0.540     0.581        50
   n03146219      0.562     0.540     0.551        50
   n03160309      0.840     0.840     0.840        50
   n03179701      0.420     0.580     0.487        50
   n03180011      0.403     0.620     0.488        50
   n03187595      0.855     0.940     0.895        50
   n03188531      0.702     0.660     0.680        50
   n03196217      0.711     0.640     0.674        50
   n03197337      0.659     0.580     0.617        50
   n03201208      0.745     0.820     0.781        50
   n03207743      0.918     0.900     0.909        50
   n03207941      0.738     0.620     0.674        50
   n03208938      0.940     0.940     0.940        50
   n03216828      0.529     0.540     0.535        50
   n03218198      0.917     0.880     0.898        50
   n03220513      0.649     0.740     0.692        50
   n03223299      0.659     0.580     0.617        50
   n03240683      0.846     0.880     0.863        50
   n03249569      0.646     0.620     0.633        50
   n03250847      0.608     0.620     0.614        50
   n03255030      0.569     0.660     0.611        50
   n03259280      0.627     0.740     0.679        50
   n03271574      0.818     0.900     0.857        50
   n03272010      0.837     0.820     0.828        50
   n03272562      0.898     0.880     0.889        50
   n03290653      0.783     0.940     0.855        50
   n03291819      0.615     0.480     0.539        50
   n03297495      0.778     0.840     0.808        50
   n03314780      0.800     0.800     0.800        50
   n03325584      0.811     0.860     0.835        50
   n03337140      0.764     0.840     0.800        50
   n03344393      0.961     0.980     0.970        50
   n03345487      0.978     0.900     0.938        50
   n03347037      0.789     0.600     0.682        50
   n03355925      0.776     0.760     0.768        50
   n03372029      0.520     0.520     0.520        50
   n03376595      0.902     0.740     0.813        50
   n03379051      0.818     0.900     0.857        50
   n03384352      0.900     0.900     0.900        50
   n03388043      0.733     0.880     0.800        50
   n03388183      0.700     0.840     0.764        50
   n03388549      0.878     0.860     0.869        50
   n03393912      0.909     1.000     0.952        50
   n03394916      0.930     0.800     0.860        50
   n03400231      0.711     0.540     0.614        50
   n03404251      0.863     0.880     0.871        50
   n03417042      0.814     0.960     0.881        50
   n03424325      0.636     0.840     0.724        50
   n03425413      0.872     0.820     0.845        50
   n03443371      0.744     0.640     0.688        50
   n03444034      0.909     1.000     0.952        50
   n03445777      0.955     0.840     0.894        50
   n03445924      0.911     0.820     0.863        50
   n03447447      0.961     0.980     0.970        50
   n03447721      0.838     0.620     0.713        50
   n03450230      0.722     0.780     0.750        50
   n03452741      0.714     0.800     0.755        50
   n03457902      0.727     0.800     0.762        50
   n03459775      0.683     0.820     0.745        50
   n03461385      0.483     0.580     0.527        50
   n03467068      0.807     0.920     0.860        50
   n03476684      0.595     0.440     0.506        50
   n03476991      0.582     0.640     0.610        50
   n03478589      0.800     0.800     0.800        50
   n03481172      0.654     0.680     0.667        50
   n03482405      0.569     0.580     0.574        50
   n03483316      0.783     0.720     0.750        50
   n03485407      0.861     0.620     0.721        50
   n03485794      0.705     0.860     0.775        50
   n03492542      0.804     0.820     0.812        50
   n03494278      0.796     0.860     0.827        50
   n03495258      0.889     0.960     0.923        50
   n03496892      0.750     0.780     0.765        50
   n03498962      0.721     0.620     0.667        50
   n03527444      0.731     0.760     0.745        50
   n03529860      0.810     0.680     0.739        50
   n03530642      0.667     0.680     0.673        50
   n03532672      0.545     0.360     0.434        50
   n03534580      0.763     0.580     0.659        50
   n03535780      0.704     0.760     0.731        50
   n03538406      0.865     0.900     0.882        50
   n03544143      0.941     0.960     0.950        50
   n03584254      0.796     0.780     0.788        50
   n03584829      0.830     0.880     0.854        50
   n03590841      0.942     0.980     0.961        50
   n03594734      0.704     0.760     0.731        50
   n03594945      0.872     0.820     0.845        50
   n03595614      0.820     0.820     0.820        50
   n03598930      0.810     0.940     0.870        50
   n03599486      0.807     0.920     0.860        50
   n03602883      0.843     0.860     0.851        50
   n03617480      0.726     0.900     0.804        50
   n03623198      0.844     0.760     0.800        50
   n03627232      0.750     0.840     0.792        50
   n03630383      0.652     0.860     0.741        50
   n03633091      0.432     0.380     0.404        50
   n03637318      0.556     0.600     0.577        50
   n03642806      0.196     0.180     0.188        50
   n03649909      0.815     0.880     0.846        50
   n03657121      0.780     0.640     0.703        50
   n03658185      0.609     0.280     0.384        50
   n03661043      0.674     0.580     0.624        50
   n03662601      0.887     0.940     0.913        50
   n03666591      0.736     0.780     0.757        50
   n03670208      0.844     0.760     0.800        50
   n03673027      0.852     0.920     0.885        50
   n03676483      0.812     0.780     0.796        50
   n03680355      0.880     0.880     0.880        50
   n03690938      0.537     0.580     0.558        50
   n03691459      0.690     0.580     0.630        50
   n03692522      0.808     0.420     0.553        50
   n03697007      0.731     0.760     0.745        50
   n03706229      0.805     0.660     0.725        50
   n03709823      0.586     0.680     0.630        50
   n03710193      0.754     0.860     0.804        50
   n03710637      0.273     0.180     0.217        50
   n03710721      0.422     0.540     0.474        50
   n03717622      0.904     0.940     0.922        50
   n03720891      0.800     0.800     0.800        50
   n03721384      0.857     0.840     0.848        50
   n03724870      0.711     0.640     0.674        50
   n03729826      0.792     0.760     0.776        50
   n03733131      0.877     1.000     0.935        50
   n03733281      0.854     0.820     0.837        50
   n03733805      0.872     0.820     0.845        50
   n03742115      0.689     0.620     0.653        50
   n03743016      0.898     0.880     0.889        50
   n03759954      0.659     0.580     0.617        50
   n03761084      0.737     0.560     0.636        50
   n03763968      0.493     0.660     0.564        50
   n03764736      0.844     0.760     0.800        50
   n03769881      0.759     0.880     0.815        50
   n03770439      0.472     0.680     0.557        50
   n03770679      0.651     0.560     0.602        50
   n03773504      0.462     0.480     0.471        50
   n03775071      0.756     0.680     0.716        50
   n03775546      0.741     0.860     0.796        50
   n03776460      0.821     0.640     0.719        50
   n03777568      0.828     0.960     0.889        50
   n03777754      0.660     0.660     0.660        50
   n03781244      0.638     0.600     0.619        50
   n03782006      0.350     0.280     0.311        50
   n03785016      0.826     0.760     0.792        50
   n03786901      0.830     0.880     0.854        50
   n03787032      0.593     0.640     0.615        50
   n03788195      0.873     0.960     0.914        50
   n03788365      0.870     0.940     0.904        50
   n03791053      0.932     0.820     0.872        50
   n03792782      0.811     0.860     0.835        50
   n03792972      0.885     0.920     0.902        50
   n03793489      0.704     0.380     0.494        50
   n03794056      0.843     0.860     0.851        50
   n03796401      0.818     0.540     0.651        50
   n03803284      0.886     0.780     0.830        50
   n03804744      0.647     0.660     0.653        50
   n03814639      0.921     0.700     0.795        50
   n03814906      0.534     0.940     0.681        50
   n03825788      0.878     0.860     0.869        50
   n03832673      0.258     0.320     0.286        50
   n03837869      0.800     0.800     0.800        50
   n03838899      0.667     0.680     0.673        50
   n03840681      0.830     0.880     0.854        50
   n03841143      0.906     0.960     0.932        50
   n03843555      0.826     0.760     0.792        50
   n03854065      0.939     0.920     0.929        50
   n03857828      0.783     0.940     0.855        50
   n03866082      0.769     0.400     0.526        50
   n03868242      0.750     0.840     0.792        50
   n03868863      0.839     0.520     0.642        50
   n03871628      0.439     0.500     0.467        50
   n03873416      0.780     0.780     0.780        50
   n03874293      0.939     0.920     0.929        50
   n03874599      0.766     0.720     0.742        50
   n03876231      0.778     0.700     0.737        50
   n03877472      0.673     0.660     0.667        50
   n03877845      0.655     0.720     0.686        50
   n03884397      0.917     0.880     0.898        50
   n03887697      0.667     0.720     0.692        50
   n03888257      0.873     0.960     0.914        50
   n03888605      0.717     0.760     0.738        50
   n03891251      0.661     0.780     0.716        50
   n03891332      0.880     0.880     0.880        50
   n03895866      0.821     0.640     0.719        50
   n03899768      0.737     0.560     0.636        50
   n03902125      0.882     0.900     0.891        50
   n03903868      0.750     0.660     0.702        50
   n03908618      0.593     0.700     0.642        50
   n03908714      0.750     0.600     0.667        50
   n03916031      0.661     0.740     0.698        50
   n03920288      0.816     0.620     0.705        50
   n03924679      0.797     0.940     0.862        50
   n03929660      0.902     0.740     0.813        50
   n03929855      0.854     0.820     0.837        50
   n03930313      0.759     0.880     0.815        50
   n03930630      0.760     0.760     0.760        50
   n03933933      0.527     0.580     0.552        50
   n03935335      0.863     0.880     0.871        50
   n03937543      0.741     0.860     0.796        50
   n03938244      0.609     0.840     0.706        50
   n03942813      0.811     0.860     0.835        50
   n03944341      0.800     0.880     0.838        50
   n03947888      0.841     0.740     0.787        50
   n03950228      0.464     0.520     0.491        50
   n03954731      0.917     0.880     0.898        50
   n03956157      0.956     0.860     0.905        50
   n03958227      0.658     0.500     0.568        50
   n03961711      0.789     0.600     0.682        50
   n03967562      0.840     0.840     0.840        50
   n03970156      0.732     0.600     0.659        50
   n03976467      0.840     0.840     0.840        50
   n03976657      0.521     0.500     0.510        50
   n03977966      0.768     0.860     0.811        50
   n03980874      0.685     0.740     0.712        50
   n03982430      0.956     0.860     0.905        50
   n03983396      0.680     0.680     0.680        50
   n03991062      0.645     0.800     0.714        50
   n03992509      0.904     0.940     0.922        50
   n03995372      0.707     0.580     0.637        50
   n03998194      0.878     0.720     0.791        50
   n04004767      0.646     0.620     0.633        50
   n04005630      0.733     0.660     0.695        50
   n04008634      0.515     0.340     0.410        50
   n04009552      0.654     0.680     0.667        50
   n04019541      0.898     0.880     0.889        50
   n04023962      0.846     0.660     0.742        50
   n04026417      0.556     0.600     0.577        50
   n04033901      0.833     0.700     0.761        50
   n04033995      0.727     0.640     0.681        50
   n04037443      0.685     0.740     0.712        50
   n04039381      0.796     0.860     0.827        50
   n04040759      0.727     0.800     0.762        50
   n04041544      0.500     0.600     0.545        50
   n04044716      0.980     0.960     0.970        50
   n04049303      0.746     0.880     0.807        50
   n04065272      0.808     0.840     0.824        50
   n04067472      0.846     0.660     0.742        50
   n04069434      0.651     0.820     0.726        50
   n04070727      0.740     0.740     0.740        50
   n04074963      0.772     0.880     0.822        50
   n04081281      0.464     0.520     0.491        50
   n04086273      0.778     0.840     0.808        50
   n04090263      0.377     0.400     0.388        50
   n04099969      0.818     0.720     0.766        50
   n04111531      0.840     0.840     0.840        50
   n04116512      0.508     0.620     0.559        50
   n04118538      0.885     0.920     0.902        50
   n04118776      0.679     0.760     0.717        50
   n04120489      0.770     0.940     0.847        50
   n04125021      0.784     0.800     0.792        50
   n04127249      0.750     0.660     0.702        50
   n04131690      0.714     0.700     0.707        50
   n04133789      0.720     0.720     0.720        50
   n04136333      0.729     0.700     0.714        50
   n04141076      0.778     0.700     0.737        50
   n04141327      0.621     0.820     0.707        50
   n04141975      0.837     0.720     0.774        50
   n04146614      0.857     0.960     0.906        50
   n04147183      0.774     0.820     0.796        50
   n04149813      0.865     0.900     0.882        50
   n04152593      0.458     0.220     0.297        50
   n04153751      0.800     0.960     0.873        50
   n04154565      0.489     0.460     0.474        50
   n04162706      0.759     0.820     0.788        50
   n04179913      0.840     0.840     0.840        50
   n04192698      0.625     0.600     0.612        50
   n04200800      0.729     0.860     0.789        50
   n04201297      0.837     0.820     0.828        50
   n04204238      0.674     0.620     0.646        50
   n04204347      0.788     0.820     0.804        50
   n04208210      0.755     0.740     0.747        50
   n04209133      0.816     0.800     0.808        50
   n04209239      0.714     0.700     0.707        50
   n04228054      0.765     0.780     0.772        50
   n04229816      0.886     0.780     0.830        50
   n04235860      0.735     0.720     0.727        50
   n04238763      0.921     0.700     0.795        50
   n04239074      0.520     0.520     0.520        50
   n04243546      0.887     0.940     0.913        50
   n04251144      0.754     0.920     0.829        50
   n04252077      0.852     0.920     0.885        50
   n04252225      0.825     0.940     0.879        50
   n04254120      0.705     0.620     0.660        50
   n04254680      0.797     0.940     0.862        50
   n04254777      0.756     0.680     0.716        50
   n04258138      0.854     0.820     0.837        50
   n04259630      0.700     0.700     0.700        50
   n04263257      0.608     0.620     0.614        50
   n04264628      0.696     0.320     0.438        50
   n04265275      0.871     0.540     0.667        50
   n04266014      0.923     0.960     0.941        50
   n04270147      0.410     0.320     0.360        50
   n04273569      0.870     0.940     0.904        50
   n04275548      0.905     0.760     0.826        50
   n04277352      0.845     0.980     0.907        50
   n04285008      0.681     0.640     0.660        50
   n04286575      0.364     0.240     0.289        50
   n04296562      0.567     0.760     0.650        50
   n04310018      0.980     0.980     0.980        50
   n04311004      0.902     0.920     0.911        50
   n04311174      0.898     0.880     0.889        50
   n04317175      0.800     0.720     0.758        50
   n04325704      0.711     0.640     0.674        50
   n04326547      0.905     0.760     0.826        50
   n04328186      0.667     0.600     0.632        50
   n04330267      0.811     0.600     0.690        50
   n04332243      0.604     0.640     0.621        50
   n04335435      0.938     0.900     0.918        50
   n04336792      0.738     0.620     0.674        50
   n04344873      0.690     0.800     0.741        50
   n04346328      0.958     0.920     0.939        50
   n04347754      0.917     0.880     0.898        50
   n04350905      0.600     0.600     0.600        50
   n04355338      0.804     0.740     0.771        50
   n04355933      0.324     0.240     0.276        50
   n04356056      0.490     0.480     0.485        50
   n04357314      0.622     0.460     0.529        50
   n04366367      0.756     0.680     0.716        50
   n04367480      0.717     0.860     0.782        50
   n04370456      0.806     0.500     0.617        50
   n04371430      0.702     0.660     0.680        50
   n04371774      0.691     0.760     0.724        50
   n04372370      0.686     0.700     0.693        50
   n04376876      0.660     0.660     0.660        50
   n04380533      0.674     0.580     0.624        50
   n04389033      0.661     0.780     0.716        50
   n04392985      0.351     0.400     0.374        50
   n04398044      0.707     0.820     0.759        50
   n04399382      0.721     0.880     0.793        50
   n04404412      0.623     0.760     0.685        50
   n04409515      0.909     0.800     0.851        50
   n04417672      0.939     0.920     0.929        50
   n04418357      0.750     0.840     0.792        50
   n04423845      0.810     0.680     0.739        50
   n04428191      0.786     0.660     0.717        50
   n04429376      0.755     0.740     0.747        50
   n04435653      0.784     0.800     0.792        50
   n04442312      0.810     0.680     0.739        50
   n04443257      0.641     0.500     0.562        50
   n04447861      0.740     0.740     0.740        50
   n04456115      0.870     0.800     0.833        50
   n04458633      0.906     0.960     0.932        50
   n04461696      0.783     0.720     0.750        50
   n04462240      0.644     0.580     0.611        50
   n04465501      0.667     0.800     0.727        50
   n04467665      0.719     0.820     0.766        50
   n04476259      0.596     0.620     0.608        50
   n04479046      0.696     0.640     0.667        50
   n04482393      0.772     0.880     0.822        50
   n04483307      0.736     0.780     0.757        50
   n04485082      0.765     0.780     0.772        50
   n04486054      0.857     0.960     0.906        50
   n04487081      0.907     0.980     0.942        50
   n04487394      0.755     0.740     0.747        50
   n04493381      0.425     0.340     0.378        50
   n04501370      0.812     0.780     0.796        50
   n04505470      0.707     0.820     0.759        50
   n04507155      0.760     0.760     0.760        50
   n04509417      0.729     0.860     0.789        50
   n04515003      0.709     0.780     0.743        50
   n04517823      0.804     0.820     0.812        50
   n04522168      0.694     0.500     0.581        50
   n04523525      0.695     0.820     0.752        50
   n04525038      0.478     0.220     0.301        50
   n04525305      0.839     0.940     0.887        50
   n04532106      0.694     0.680     0.687        50
   n04532670      0.932     0.820     0.872        50
   n04536866      0.745     0.700     0.722        50
   n04540053      0.893     1.000     0.943        50
   n04542943      0.816     0.800     0.808        50
   n04548280      0.653     0.640     0.646        50
   n04548362      0.574     0.540     0.557        50
   n04550184      0.542     0.780     0.639        50
   n04552348      0.714     0.800     0.755        50
   n04553703      0.678     0.800     0.734        50
   n04554684      0.911     0.820     0.863        50
   n04557648      0.611     0.660     0.635        50
   n04560804      0.405     0.340     0.370        50
   n04562935      0.980     0.980     0.980        50
   n04579145      0.868     0.660     0.750        50
   n04579432      0.745     0.700     0.722        50
   n04584207      0.698     0.880     0.779        50
   n04589890      0.610     0.720     0.661        50
   n04590129      0.569     0.580     0.574        50
   n04591157      0.792     0.380     0.514        50
   n04591713      0.643     0.540     0.587        50
   n04592741      0.826     0.760     0.792        50
   n04596742      0.500     0.560     0.528        50
   n04597913      0.610     0.720     0.661        50
   n04599235      0.500     0.360     0.419        50
   n04604644      0.878     0.720     0.791        50
   n04606251      0.782     0.860     0.819        50
   n04612504      0.867     0.780     0.821        50
   n04613696      0.889     0.960     0.923        50
   n06359193      0.754     0.980     0.852        50
   n06596364      0.639     0.780     0.703        50
   n06785654      0.833     0.900     0.865        50
   n06794110      0.800     0.800     0.800        50
   n06874185      0.750     0.840     0.792        50
   n07248320      0.620     0.620     0.620        50
   n07565083      0.894     0.840     0.866        50
   n07579787      0.386     0.440     0.411        50
   n07583066      0.792     0.760     0.776        50
   n07584110      0.638     0.600     0.619        50
   n07590611      0.600     0.780     0.678        50
   n07613480      0.821     0.920     0.868        50
   n07614500      0.574     0.620     0.596        50
   n07615774      0.804     0.900     0.849        50
   n07684084      0.709     0.780     0.743        50
   n07693725      0.714     0.700     0.707        50
   n07695742      0.818     0.720     0.766        50
   n07697313      0.719     0.920     0.807        50
   n07697537      0.786     0.880     0.830        50
   n07711569      0.735     0.720     0.727        50
   n07714571      0.917     0.880     0.898        50
   n07714990      0.880     0.880     0.880        50
   n07715103      0.818     0.900     0.857        50
   n07716358      0.735     0.720     0.727        50
   n07716906      0.894     0.840     0.866        50
   n07717410      0.915     0.860     0.887        50
   n07717556      0.780     0.780     0.780        50
   n07718472      0.603     0.700     0.648        50
   n07718747      0.918     0.900     0.909        50
   n07720875      0.902     0.920     0.911        50
   n07730033      0.887     0.940     0.913        50
   n07734744      0.562     0.360     0.439        50
   n07742313      0.833     0.900     0.865        50
   n07745940      0.810     0.680     0.739        50
   n07747607      0.714     0.800     0.755        50
   n07749582      0.727     0.800     0.762        50
   n07753113      0.917     0.880     0.898        50
   n07753275      0.885     0.920     0.902        50
   n07753592      0.830     0.880     0.854        50
   n07754684      0.961     0.980     0.970        50
   n07760859      0.979     0.940     0.959        50
   n07768694      0.925     0.980     0.951        50
   n07802026      0.824     0.840     0.832        50
   n07831146      0.938     0.900     0.918        50
   n07836838      0.574     0.700     0.631        50
   n07860988      0.778     0.420     0.545        50
   n07871810      0.698     0.600     0.645        50
   n07873807      0.886     0.780     0.830        50
   n07875152      0.712     0.740     0.725        50
   n07880968      0.846     0.880     0.863        50
   n07892512      0.615     0.640     0.627        50
   n07920052      0.696     0.640     0.667        50
   n07930864      0.512     0.440     0.473        50
   n07932039      0.721     0.620     0.667        50
   n09193705      0.577     0.600     0.588        50
   n09229709      0.868     0.920     0.893        50
   n09246464      0.596     0.620     0.608        50
   n09256479      0.627     0.740     0.679        50
   n09288635      0.961     0.980     0.970        50
   n09332890      0.688     0.660     0.673        50
   n09399592      0.660     0.620     0.639        50
   n09421951      0.635     0.660     0.647        50
   n09428293      0.415     0.440     0.427        50
   n09468604      0.740     0.740     0.740        50
   n09472597      0.915     0.860     0.887        50
   n09835506      0.827     0.860     0.843        50
   n10148035      0.714     0.800     0.755        50
   n10565667      0.789     0.900     0.841        50
   n11879895      1.000     1.000     1.000        50
   n11939491      0.942     0.980     0.961        50
   n12057211      0.980     1.000     0.990        50
   n12144580      0.519     0.560     0.538        50
   n12267677      0.961     0.980     0.970        50
   n12620546      0.960     0.960     0.960        50
   n12768682      0.925     0.980     0.951        50
   n12985857      0.904     0.940     0.922        50
   n12998815      0.677     0.840     0.750        50
   n13037406      0.925     0.980     0.951        50
   n13040303      0.863     0.880     0.871        50
   n13044778      0.909     1.000     0.952        50
   n13052670      0.843     0.860     0.851        50
   n13054560      0.688     0.660     0.673        50
   n13133613      0.676     0.500     0.575        50
   n15075141      0.676     0.500     0.575        50

    accuracy                          0.778     50000
   macro avg      0.781     0.778     0.776     50000
weighted avg      0.781     0.778     0.776     50000
